5238.44
6191.19
6198.78
6185.07
5830.25
6416.31
6734.80
6681.06
6716.44
6469.80
6242.19
5922.04
6429.84
6438.64
6606.78
6793.62
6733.39
6867.53
6791.13
7271.78
7176.41
7334.10
7302.09
6865.49
6859.08
6971.09
6845.04
6842.43
6642.11
7116.80
7096.18
7257.67
7189.42
6881.96
6880.32
7117.21
7429.72
7550.90
7569.94
7679.87
7795.60
7807.06
8801.04
8658.55
8864.77
8988.60
8897.47
8912.65
9003.07
9268.76
9951.52
9842.67
9593.90
8756.43
8601.80
8804.48
8804.48
9733.72
9328.20
9366.20