1604.20
1619.00
1643.30
1671.65
1650.30
1634.90
1652.00
1609.85
1599.65
1615.50
1641.85
1659.60
1683.65
1672.50
1655.70
1653.75
1570.70
1562.80
1487.70
1536.20
1498.20
1474.25
1494.40
1525.40
1605.75
1605.45
1634.80
1617.30
1618.30
1608.95
1576.55
1616.80
1613.10
1648.30
1649.25
1647.80
1680.65
1741.90
1718.65
1729.50
1692.55
1686.20
1682.05
1710.55
1736.25
1715.90
1714.95
1691.55
1703.35
1702.75
1686.25
1709.10
1699.55
1691.50
1704.05
1702.75
1702.40
1708.40
1731.60
1735.35