3373.23
3337.75
3225.89
3128.21
3116.39
2978.76
2954.22
3090.23
3003.37
3130.12
3023.94
2972.37
2746.56
2882.23
2741.38
2480.64
2711.02
2386.13
2529.19
2398.10
2409.39
2304.92
2237.40
2447.33
2475.56
2630.07
2541.47
2626.65
2584.59
2470.50
2526.90
2488.65
2663.68
2659.41
2749.98
2789.82
2761.63
2846.06
2783.36
2799.55
2874.56
2823.16
2736.56
2799.31
2797.80
2836.74
2878.48
2863.39
2939.51
2912.43
2830.71
2842.74
2868.44
2848.42
2881.19
2929.80
2930.19
2870.12
2820.00
2852.50
